sigma =

 Columns 1 through 7:

   0.524669  -0.403408   0.088259   0.269310  -0.497441   0.486491  -0.241721
  -0.403408   0.511133  -0.373195   0.055891   0.288276  -0.493890   0.462129
   0.088259  -0.373195   0.478765  -0.354229   0.059442   0.263915  -0.460427
   0.269310   0.055891  -0.354229   0.482316  -0.378590   0.092905   0.237433
  -0.497441   0.288276   0.059442  -0.378590   0.515779  -0.405072   0.099678
   0.486491  -0.493890   0.263915   0.092905  -0.405072   0.522552  -0.388880
  -0.241721   0.462129  -0.460427   0.237433   0.099678  -0.388880   0.491178
  -0.119226  -0.208258   0.435647  -0.453655   0.253624   0.068304  -0.357404
   0.422870  -0.145708  -0.201485   0.451839  -0.485028   0.285101   0.051852
  -0.523272   0.429642  -0.129516  -0.232859   0.483316  -0.501480   0.278620
   0.372177  -0.507080   0.398269  -0.098039  -0.249310   0.476835  -0.475181

 Columns 8 through 11:

  -0.119226   0.422870  -0.523272   0.372177
  -0.208258  -0.145708   0.429642  -0.507080
   0.435647  -0.201485  -0.129516   0.398269
  -0.453655   0.451839  -0.232859  -0.098039
   0.253624  -0.485028   0.483316  -0.249310
   0.068304   0.285101  -0.501480   0.476835
  -0.357404   0.051852   0.278620  -0.475181
   0.474727  -0.363885   0.078151   0.245144
  -0.363885   0.501025  -0.397361   0.102715
   0.078151  -0.397361   0.525590  -0.401207
   0.245144   0.102715  -0.401207   0.506869

U =

 Columns 1 through 6:

  -0.3792086  -0.1534299  -0.8411918  -0.2019889   0.0602148   0.1680299
   0.3703088  -0.1650412  -0.3403849   0.7689747  -0.0483713  -0.0213065
  -0.1834297   0.4041895  -0.1747867   0.0984894  -0.5219388  -0.3603851
  -0.0916102  -0.4490746   0.1195814   0.1000288   0.0321986   0.5412483
   0.3226200   0.2781236  -0.0871416   0.2263220   0.0818606   0.2026045
  -0.3985708   0.0265004   0.3172855   0.2228686  -0.2920163   0.3149934
   0.2829589  -0.3183876   0.0636144  -0.2268780  -0.0169893  -0.3149549
  -0.0313501   0.4572500  -0.0090074   0.0094532   0.6985072   0.0602877
  -0.2353264  -0.3763471   0.0811022   0.1981144   0.3334813  -0.4861440
   0.3888992   0.1145626  -0.0701223  -0.2611382  -0.1151158   0.2613339
  -0.3555578   0.2022834   0.0883065   0.2971110   0.1262557   0.0274384

 Columns 7 through 11:

  -0.1280522  -0.1025375  -0.0689534  -0.1386606   0.0387879
   0.2788365  -0.0682124  -0.1830169  -0.0681819  -0.0714725
  -0.0849922  -0.0854928  -0.1605781   0.5571016   0.0987727
  -0.0369482  -0.1105335   0.0433341   0.6681337   0.0989163
  -0.8057829  -0.0279859   0.2285857  -0.0329286   0.0927013
  -0.2145252  -0.1705729  -0.5420275  -0.3616290  -0.0769329
  -0.1424585  -0.7701866  -0.1468499  -0.0464634   0.1623345
   0.1036041  -0.2279400  -0.4043090   0.2343570  -0.1309301
  -0.3191756   0.3779274  -0.2578150   0.0644862   0.3070547
   0.1346307   0.2561328  -0.4118722  -0.0442427   0.6524184
   0.2256769  -0.2860962   0.4085387  -0.1558907   0.6292113

S =

Diagonal Matrix

 Columns 1 through 6:

  3.2794e+000            0            0            0            0            0
            0  2.2552e+000            0            0            0            0
            0            0  3.0424e-016            0            0            0
            0            0            0  1.6917e-016            0            0
            0            0            0            0  9.7804e-017            0
            0            0            0            0            0  8.3946e-017
            0            0            0            0            0            0
            0            0            0            0            0            0
            0            0            0            0            0            0
            0            0            0            0            0            0
            0            0            0            0            0            0

 Columns 7 through 11:

            0            0            0            0            0
            0            0            0            0            0
            0            0            0            0            0
            0            0            0            0            0
            0            0            0            0            0
            0            0            0            0            0
  6.4685e-017            0            0            0            0
            0  5.7458e-017            0            0            0
            0            0  4.2686e-017            0            0
            0            0            0  1.3547e-017            0
            0            0            0            0  6.8590e-018

V =

 Columns 1 through 6:

  -0.3792086  -0.1534299   0.6845114   0.3892140  -0.3315017   0.0038777
   0.3703088  -0.1650412  -0.3977223   0.1642660  -0.4574371  -0.1721753
  -0.1834297   0.4041895  -0.0571729   0.1288039  -0.0785342  -0.1887799
  -0.0916102  -0.4490746   0.0897388  -0.3927269  -0.3381316  -0.1658931
   0.3226200   0.2781236   0.3649101   0.0491703   0.3275129  -0.0689592
  -0.3985708   0.0265004  -0.2057100  -0.2679046  -0.1577136   0.5740294
   0.2829589  -0.3183876   0.3052502  -0.3625959   0.0037784  -0.2115473
  -0.0313501   0.4572500   0.2109551  -0.6048308  -0.1835280   0.0405521
  -0.2353264  -0.3763471  -0.0498196  -0.1687778   0.6203636  -0.0366502
   0.3888992   0.1145626   0.1585388  -0.1579165  -0.0966175   0.1778252
  -0.3555578   0.2022834  -0.1454893  -0.1606054  -0.0183382  -0.7025350

 Columns 7 through 11:

  -0.2362033   0.0947239   0.0919667  -0.1683191  -0.0339773
  -0.3478920   0.1355132   0.2301881  -0.3873348   0.2629942
  -0.2857954   0.1365330  -0.1344960   0.5507663   0.5653024
   0.0855031  -0.6007560  -0.0697248   0.1815003   0.2824468
   0.0541683  -0.2930477  -0.2006040  -0.4739198   0.4661688
  -0.0731770   0.1545279  -0.4196672  -0.3428076   0.2215736
   0.1190066   0.6634628  -0.2713916   0.0764708   0.1236806
  -0.0542248   0.0753612   0.5720365  -0.0912965  -0.0104818
  -0.5387733   0.0222784   0.2692951  -0.0547630   0.1397510
  -0.6395740  -0.1915501  -0.3551901   0.1659368  -0.3810020
  -0.0972924  -0.0175692  -0.3157265  -0.3138799  -0.2895322


== [ml-class] Submitted Assignment 7 - Part 3 - PCA
== Nice work!
