h =

   0.72077
   0.86163
   0.77867
   0.44034
   0.21634
   0.28469
   0.62749
   0.84743
   0.82653
   0.55040
   0.24735
   0.23597
   0.51824
   0.81512
   0.85322
   0.65659
   0.30368
   0.21165
   0.41063
   0.76032

theta =

   0.00000
   0.50000
  -0.50000

reg =  0.0012500
first =

   0.00000
   0.00000
   0.25017
   0.00000
   0.00000
   1.25634
   0.46603
   0.00000
   0.19052
   0.00000
   0.00000
   0.00000
   0.65731
   0.00000
   0.15874
   0.42069
   0.00000
   0.00000
   0.89005
   0.00000

second =

  -1.27571
  -1.97784
  -0.00000
  -0.58043
  -0.24377
  -0.00000
  -0.00000
  -1.88016
  -0.00000
  -0.79940
  -0.28416
  -0.26914
  -0.00000
  -1.68807
  -0.00000
  -0.00000
  -0.36194
  -0.23781
  -0.00000
  -1.42844

J =  0.76709
grad =

   0.15835
   0.22155
  -0.10491

grad_reg =

   0.22155
  -0.10491

grad =

   0.15835
   0.44310
  -0.20981


== [ml-class] Submitted Assignment 2 - Part 6 - Regularized Logistic Regression Gradient
== You must wait 4 minutes and 11 seconds before you can submit your solutions again.
