theta =

   0.00000
   0.50000
  -0.50000

h =

   0.66780
   0.82905
   0.73261
   0.37995
   0.17695
   0.23662
   0.56745
   0.81224
   0.78772
   0.48808
   0.20379
   0.19389
   0.45587
   0.77446
   0.81907
   0.59824
   0.25354
   0.17293
   0.35175
   0.71186

reg =  0.0012500
first =

   0.00000
   0.00000
   0.31114
   0.00000
   0.00000
   1.44129
   0.56660
   0.00000
   0.23861
   0.00000
   0.00000
   0.00000
   0.78556
   0.00000
   0.19958
   0.51376
   0.00000
   0.00000
   1.04483
   0.00000

second =

  -1.10203
  -1.76639
  -0.00000
  -0.47795
  -0.19474
  -0.00000
  -0.00000
  -1.67258
  -0.00000
  -0.66958
  -0.22789
  -0.21554
  -0.00000
  -1.48925
  -0.00000
  -0.00000
  -0.29241
  -0.18986
  -0.00000
  -1.24429

J =  0.73344
grad =

   0.11069
   0.21860
  -0.10867

grad_reg =

  1.0930e-003
  -5.4333e-004

grad =

   0.11069
   0.21970
  -0.10921


== [ml-class] Submitted Assignment 2 - Part 6 - Regularized Logistic Regression Gradient
== You must wait 2 minutes and 40 seconds before you can submit your solutions again.
